498 28 0 0
178 1465 0 0
1076 685 0 0
309 1371 0 0
1140 976 0 0
812 1478 0 0
399 246 0 0
619 406 0 0
162 1100 0 0
1107 1335 0 0
1017 1146 0 0
604 691 0 0
718 1189 0 0
1077 1090 0 0
996 820 0 0
881 383 0 0
774 1205 0 0
1470 387 0 0
641 946 0 0
430 592 0 0
12 458 0 0
259 839 0 0
1469 7 0 0
1152 402 0 0
773 1350 0 0
880 270 0 0
735 946 0 0
1015 763 0 0
779 1027 0 0
967 1363 0 0
101 307 0 0
1107 298 0 0
665 133 0 0
248 1076 0 0
543 908 0 0
330 1261 0 0
466 212 0 0
82 1090 0 0
1322 1298 0 0
1203 364 0 0
812 554 0 0
901 1099 0 0
261 738 0 0
790 251 0 0
967 273 0 0
1303 704 0 0
1166 1018 0 0
741 128 0 0
792 1116 0 0
421 251 0 0
1147 588 0 0
1315 1148 0 0
1430 1033 0 0
1451 941 0 0
617 1250 0 0
736 1173 0 0
541 367 0 0
1143 7 0 0
714 953 0 0
1201 519 0 0
1204 1294 0 0
808 338 0 0
176 1096 0 0
698 126 0 0
1175 1116 0 0
363 192 0 0
1388 116 0 0
996 148 0 0
1207 417 0 0
1208 1217 0 0
43 1088 0 0
674 490 0 0
594 338 0 0
1251 414 0 0
220 768 0 0
473 1448 0 0
604 1363 0 0
546 1348 0 0
1054 470 0 0
1098 1056 0 0
857 372 0 0
1278 621 0 0
1287 405 0 0
492 1287 0 0
1457 271 0 0
1332 234 0 0
706 811 0 0
1166 1098 0 0
315 325 0 0
48 355 0 0
4 339 0 0
292 207 0 0
987 277 0 0
24 893 0 0
1163 337 0 0
972 1302 0 0
821 47 0 0
891 1105 0 0
76 1073 0 0
647 1412 0 0
1435 597 0 0
1044 1263 0 0
1003 435 0 0
164 346 0 0
1199 843 0 0
48 1145 0 0
884 1400 0 0
1442 814 0 0
356 1082 0 0
1059 213 0 0
1155 666 0 0
1189 833 0 0
974 531 0 0
562 533 0 0
942 632 0 0
445 1270 0 0
773 366 0 0
1102 591 0 0
1469 1138 0 0
1336 869 0 0
1059 452 0 0
115 1402 0 0
882 1042 0 0
395 532 0 0
782 986 0 0
810 545 0 0
563 190 0 0
877 189 0 0
335 802 0 0
287 702 0 0
1439 1309 0 0
237 427 0 0
888 1471 0 0
1179 925 0 0
237 1232 0 0
500 1173 0 0
1164 1090 0 0
836 1025 0 0
1350 473 0 0
222 176 0 0
830 690 0 0
678 507 0 0
802 144 0 0
98 1357 0 0
1053 319 0 0
1042 1295 0 0
878 217 0 0
1047 1257 0 0
419 375 0 0
866 345 0 0
630 464 0 0
932 1033 0 0
1091 536 0 0
705 244 0 0
1430 294 0 0
908 1366 0 0
951 891 0 0
440 678 0 0
1204 490 0 0
1257 926 0 0
430 1302 0 0
1376 177 0 0
369 565 0 0
834 131 0 0
1302 718 0 0
449 1283 0 0
403 1091 0 0
1009 1402 0 0
264 467 0 0
1085 336 0 0
545 169 0 0
65 899 0 0
109 829 0 0
1109 28 0 0
1410 998 0 0
1193 884 0 0
873 1398 0 0
989 622 0 0
369 1410 0 0
329 641 0 0
87 625 0 0
431 449 0 0
522 357 0 0
910 353 0 0
1317 980 0 0
440 1080 0 0
107 538 0 0
934 1251 0 0
520 629 0 0
1373 720 0 0
996 1009 0 0
1344 1482 0 0
175 936 0 0
1454 1464 0 0
1404 1139 0 0
257 207 0 0
817 38 0 0
1197 668 0 0
1215 1295 0 0
280 1087 0 0
